"Age (ka BP)"	"Dust MAR (g/m2/a)"	"Age error (ka)"	"DMAR error (g/m2/a)"	"Depth top (cm)"	"Depth bottom (cm)"	"Depth center (cm)"	"Age top (ka BP)"	"Age bottom (ka BP)"	"Age center (ka BP)"	"SBMAR (g/m2/a)"	"SBMAR rel err"	"SDBD (g/cm3)"	"SDBD rel err"	"SR (cm/ka)"	"SR rel err"	"EC (fraction)"	"EC (ppm)"	"EC rel err"
0.17	0.0091	0.003	0.00183	6951	7751	7351	0.158	0.187	0.173	0.246	0.02	NA	NA	NA	NA	NA	0.037	0.2
0.2	0.00812	0.004	0.00163	7751	8504	8128	0.187	0.216	0.202	0.249	0.02	NA	NA	NA	NA	NA	0.033	0.2
0.23	0.008	0.004	0.0016	8504	9258	8881	0.216	0.245	0.23	0.25	0.02	NA	NA	NA	NA	NA	0.032	0.2
0.26	0.00712	0.004	0.00143	9258	10011	9635	0.245	0.274	0.259	0.25	0.02	NA	NA	NA	NA	NA	0.028	0.2
0.29	0.00764	0.004	0.00153	10011	10710	10361	0.274	0.302	0.288	0.249	0.01	NA	NA	NA	NA	NA	0.031	0.2
0.32	0.00736	0.004	0.00147	10710	11450	11080	0.302	0.331	0.317	0.248	0.01	NA	NA	NA	NA	NA	0.03	0.2
0.35	0.00839	0.005	0.00168	11450	12116	11783	0.331	0.36	0.346	0.246	0.01	NA	NA	NA	NA	NA	0.034	0.2
0.37	0.00818	0.005	0.00164	12190	12846	12518	0.36	0.389	0.375	0.245	0.01	NA	NA	NA	NA	NA	0.033	0.2
0.4	0.00671	0.005	0.00135	12846	13568	13207	0.389	0.418	0.403	0.244	0.01	NA	NA	NA	NA	NA	0.028	0.2
0.43	0.00694	0.006	0.00139	13568	14220	13894	0.418	0.447	0.432	0.243	0.01	NA	NA	NA	NA	NA	0.029	0.2
0.46	0.00771	0.006	0.00155	14220	14909	14565	0.447	0.475	0.461	0.243	0.01	NA	NA	NA	NA	NA	0.032	0.2
0.49	0.00639	0.006	0.00128	14909	15559	15234	0.475	0.504	0.49	0.242	0.01	NA	NA	NA	NA	NA	0.026	0.2
0.52	0.00463	0.006	0.00093	15559	16247	15903	0.504	0.533	0.519	0.242	0.01	NA	NA	NA	NA	NA	0.019	0.2
0.55	0.00498	0.007	0.001	16247	16942	16595	0.533	0.562	0.547	0.242	0.01	NA	NA	NA	NA	NA	0.021	0.2
0.58	0.00437	0.008	0.00088	16942	17636	17289	0.562	0.591	0.576	0.242	0.01	NA	NA	NA	NA	NA	0.018	0.2
0.6	0.00491	0.007	0.00098	17636	18329	17983	0.591	0.619	0.605	0.242	0.01	NA	NA	NA	NA	NA	0.02	0.2
0.63	0.00541	0.008	0.00108	18329	18973	18651	0.619	0.648	0.634	0.241	0.01	NA	NA	NA	NA	NA	0.022	0.2
0.66	0.00591	0.008	0.00118	18973	19616	19295	0.648	0.677	0.663	0.239	0.01	NA	NA	NA	NA	NA	0.025	0.2
0.69	0.00546	0.008	0.00109	19616	20256	19936	0.677	0.706	0.691	0.238	0.01	NA	NA	NA	NA	NA	0.023	0.2
0.72	0.0049	0.009	0.00098	20256	20894	20575	0.706	0.735	0.72	0.238	0.01	NA	NA	NA	NA	NA	0.021	0.2
0.75	0.00614	0.009	0.00123	20894	21531	21213	0.735	0.763	0.749	0.238	0.01	NA	NA	NA	NA	NA	0.026	0.2
0.78	0.00523	0.009	0.00105	21531	22121	21826	0.763	0.792	0.778	0.239	0.01	NA	NA	NA	NA	NA	0.022	0.2
0.81	0.00536	0.009	0.00107	22121	22845	22483	0.792	0.821	0.807	0.24	0.01	NA	NA	NA	NA	NA	0.022	0.2
0.84	0.00536	0.01	0.00107	22845	23478	23162	0.821	0.85	0.835	0.243	0.01	NA	NA	NA	NA	NA	0.022	0.2
0.86	0.00643	0.01	0.00129	23478	24109	23794	0.85	0.879	0.864	0.246	0.01	NA	NA	NA	NA	NA	0.026	0.2
0.89	0.00559	0.01	0.00112	24109	24828	24469	0.879	0.907	0.893	0.248	0.01	NA	NA	NA	NA	NA	0.022	0.2
0.92	0.00523	0.011	0.00105	24828	25501	25165	0.907	0.936	0.922	0.25	0.01	NA	NA	NA	NA	NA	0.021	0.2
0.95	0.00517	0.011	0.00104	25501	26128	25815	0.936	0.965	0.951	0.251	0.01	NA	NA	NA	NA	NA	0.021	0.2
0.98	0.0056	0.012	0.00112	26128	26798	26463	0.965	0.994	0.979	0.252	0.01	NA	NA	NA	NA	NA	0.022	0.2
1.01	0.00477	0.011	0.00096	26798	27510	27154	0.994	1.023	1.008	0.252	0.01	NA	NA	NA	NA	NA	0.019	0.2
1.04	0.00522	0.012	0.00105	27510	28133	27822	1.023	1.052	1.037	0.251	0.01	NA	NA	NA	NA	NA	0.021	0.2
1.07	0.00536	0.012	0.00107	28133	28798	28466	1.052	1.08	1.066	0.251	0.01	NA	NA	NA	NA	NA	0.021	0.2
1.09	0.00562	0.012	0.00112	28798	29462	29130	1.08	1.109	1.095	0.251	0.01	NA	NA	NA	NA	NA	0.022	0.2
1.12	0.00605	0.012	0.00121	29462	30133	29798	1.109	1.138	1.124	0.251	0.01	NA	NA	NA	NA	NA	0.024	0.2
1.15	0.00686	0.013	0.00137	30190	30828	30509	1.138	1.167	1.152	0.251	0.01	NA	NA	NA	NA	NA	0.027	0.2
1.18	0.00517	0.013	0.00104	30828	31443	31136	1.167	1.196	1.181	0.252	0.01	NA	NA	NA	NA	NA	0.021	0.2
1.21	0.00568	0.014	0.00114	31443	32144	31794	1.196	1.224	1.21	0.252	0.01	NA	NA	NA	NA	NA	0.023	0.2
1.24	0.00574	0.014	0.00115	32144	32757	32451	1.224	1.253	1.239	0.251	0.01	NA	NA	NA	NA	NA	0.023	0.2
1.27	0.00493	0.014	0.00099	32757	33411	33084	1.253	1.282	1.268	0.249	0.01	NA	NA	NA	NA	NA	0.02	0.2
1.3	0.0061	0.014	0.00122	33411	34073	33742	1.282	1.311	1.296	0.246	0.01	NA	NA	NA	NA	NA	0.025	0.2
1.33	0.00613	0.015	0.00123	34073	34576	34325	1.311	1.34	1.325	0.243	0.01	NA	NA	NA	NA	NA	0.025	0.2
1.41	0.00527	0.016	0.00106	36000	36390	36195	1.397	1.426	1.412	0.235	0.01	NA	NA	NA	NA	NA	0.022	0.2
1.44	0.0057	0.016	0.00114	36390	36955	36673	1.426	1.455	1.44	0.234	0.01	NA	NA	NA	NA	NA	0.024	0.2
1.47	0.00514	0.017	0.00103	36955	37566	37261	1.455	1.484	1.469	0.233	0.01	NA	NA	NA	NA	NA	0.022	0.2
1.5	0.00543	0.016	0.00109	37566	38175	37871	1.484	1.512	1.498	0.234	0.01	NA	NA	NA	NA	NA	0.023	0.2
1.53	0.00493	0.017	0.00099	38175	38784	38480	1.512	1.541	1.527	0.235	0.01	NA	NA	NA	NA	NA	0.021	0.2
1.56	0.00571	0.017	0.00114	38784	39389	39087	1.541	1.57	1.556	0.235	0.01	NA	NA	NA	NA	NA	0.024	0.2
1.58	0.00648	0.017	0.0013	39710	39950	39830	1.57	1.599	1.584	0.235	0.01	NA	NA	NA	NA	NA	0.028	0.2
1.61	0.00422	0.018	0.00085	39950	40555	40253	1.599	1.628	1.613	0.234	0.01	NA	NA	NA	NA	NA	0.018	0.2
1.64	0.00528	0.018	0.00106	40555	41112	40834	1.628	1.656	1.642	0.233	0.01	NA	NA	NA	NA	NA	0.023	0.2
1.67	0.00502	0.019	0.00101	41112	41714	41413	1.656	1.685	1.671	0.231	0.01	NA	NA	NA	NA	NA	0.022	0.2
1.7	0.00438	0.018	0.00088	41714	42269	41992	1.685	1.714	1.7	0.229	0.01	NA	NA	NA	NA	NA	0.019	0.2
1.73	0.00478	0.019	0.00096	42269	42823	42546	1.714	1.743	1.729	0.228	0.01	NA	NA	NA	NA	NA	0.021	0.2
1.76	0.00595	0.019	0.00119	42823	43376	43100	1.743	1.772	1.757	0.227	0.01	NA	NA	NA	NA	NA	0.026	0.2
1.79	0.0053	0.02	0.00106	43376	43928	43652	1.772	1.801	1.786	0.227	0.01	NA	NA	NA	NA	NA	0.023	0.2
1.81	0.00633	0.02	0.00127	43928	44525	44227	1.801	1.829	1.815	0.229	0.01	NA	NA	NA	NA	NA	0.028	0.2
1.84	0.00458	0.02	0.00092	44525	45120	44823	1.829	1.858	1.844	0.232	0.01	NA	NA	NA	NA	NA	0.02	0.2
1.87	0.00525	0.021	0.00105	45120	45715	45418	1.858	1.887	1.873	0.235	0.01	NA	NA	NA	NA	NA	0.022	0.2
1.9	0.00529	0.02	0.00106	45715	46308	46012	1.887	1.916	1.901	0.238	0.01	NA	NA	NA	NA	NA	0.022	0.2
1.93	0.00591	0.021	0.00118	46308	46893	46601	1.916	1.945	1.93	0.24	0.01	NA	NA	NA	NA	NA	0.025	0.2
1.96	0.00548	0.021	0.0011	46924	47536	47230	1.945	1.973	1.959	0.243	0.01	NA	NA	NA	NA	NA	0.023	0.2
1.99	0.00692	0.022	0.00139	47536	48080	47808	1.973	2.002	1.988	0.243	0.01	NA	NA	NA	NA	NA	0.028	0.2
2.02	0.0063	0.022	0.00126	48080	48623	48352	2.002	2.031	2.017	0.242	0.01	NA	NA	NA	NA	NA	0.026	0.2
2.05	0.00557	0.022	0.00112	48623	49210	48917	2.031	2.06	2.045	0.241	0.01	NA	NA	NA	NA	NA	0.023	0.2
2.07	0.00573	0.023	0.00115	49210	49751	49481	2.06	2.089	2.074	0.241	0.01	NA	NA	NA	NA	NA	0.024	0.2
2.1	0.00528	0.023	0.00106	49751	50336	50044	2.089	2.117	2.103	0.239	0.01	NA	NA	NA	NA	NA	0.022	0.2
2.13	0.00636	0.023	0.00127	50336	50875	50606	2.117	2.146	2.132	0.239	0.01	NA	NA	NA	NA	NA	0.027	0.2
2.16	0.00573	0.023	0.00115	50875	51413	51144	2.146	2.175	2.161	0.24	0.01	NA	NA	NA	NA	NA	0.024	0.2
2.19	0.00484	0.024	0.00097	51413	51995	51704	2.175	2.204	2.189	0.243	0.01	NA	NA	NA	NA	NA	0.02	0.2
2.22	0.00539	0.024	0.00108	51995	52575	52285	2.204	2.233	2.218	0.245	0.01	NA	NA	NA	NA	NA	0.022	0.2
2.25	0.00484	0.024	0.00097	52575	53155	52865	2.233	2.261	2.247	0.247	0.01	NA	NA	NA	NA	NA	0.02	0.2
2.28	0.00663	0.024	0.00133	53155	53688	53422	2.261	2.29	2.276	0.248	0.01	NA	NA	NA	NA	NA	0.027	0.2
2.3	0.0067	0.024	0.00134	53688	54265	53977	2.29	2.319	2.305	0.248	0.01	NA	NA	NA	NA	NA	0.027	0.2
2.33	0.00624	0.025	0.00125	54265	54841	54553	2.319	2.348	2.334	0.247	0.01	NA	NA	NA	NA	NA	0.025	0.2
2.36	0.00631	0.025	0.00126	54841	55376	55109	2.348	2.377	2.362	0.245	0.01	NA	NA	NA	NA	NA	0.026	0.2
2.39	0.00586	0.025	0.00117	55376	55846	55611	2.377	2.406	2.391	0.242	0.01	NA	NA	NA	NA	NA	0.024	0.2
2.42	0.00568	0.026	0.00114	55960	56518	56239	2.406	2.434	2.42	0.239	0.01	NA	NA	NA	NA	NA	0.024	0.2
2.45	0.00669	0.026	0.00134	56518	57045	56782	2.434	2.463	2.449	0.235	0.01	NA	NA	NA	NA	NA	0.028	0.2
2.48	0.00446	0.026	0.00089	57045	57520	57283	2.463	2.492	2.478	0.233	0.01	NA	NA	NA	NA	NA	0.019	0.2
2.51	0.00576	0.026	0.00115	57634	58100	57867	2.492	2.521	2.506	0.231	0.01	NA	NA	NA	NA	NA	0.025	0.2
2.54	0.00585	0.027	0.00117	58100	58622	58361	2.521	2.55	2.535	0.229	0.01	NA	NA	NA	NA	NA	0.026	0.2
2.56	0.00664	0.027	0.00133	58622	59145	58884	2.55	2.578	2.564	0.229	0.01	NA	NA	NA	NA	NA	0.029	0.2
2.59	0.00777	0.028	0.00156	59145	59711	59428	2.578	2.607	2.593	0.231	0.01	NA	NA	NA	NA	NA	0.034	0.2
2.62	0.00514	0.028	0.00103	59711	60233	59972	2.607	2.636	2.622	0.233	0.01	NA	NA	NA	NA	NA	0.022	0.2
2.65	0.00481	0.029	0.00096	60233	60754	60494	2.636	2.665	2.65	0.234	0.01	NA	NA	NA	NA	NA	0.021	0.2
2.68	0.00494	0.029	0.00099	60754	61273	61014	2.665	2.694	2.679	0.236	0.01	NA	NA	NA	NA	NA	0.021	0.2
2.71	0.00577	0.029	0.00116	61273	61792	61533	2.694	2.722	2.708	0.238	0.01	NA	NA	NA	NA	NA	0.024	0.2
2.74	0.0062	0.029	0.00124	61792	62309	62051	2.722	2.751	2.737	0.239	0.01	NA	NA	NA	NA	NA	0.026	0.2
2.77	0.00706	0.029	0.00141	62309	62826	62568	2.751	2.78	2.766	0.24	0.01	NA	NA	NA	NA	NA	0.029	0.2
2.79	0.00549	0.029	0.0011	62826	63385	63106	2.78	2.809	2.794	0.242	0.01	NA	NA	NA	NA	NA	0.023	0.2
2.82	0.00671	0.03	0.00134	63385	63942	63664	2.809	2.838	2.823	0.244	0.01	NA	NA	NA	NA	NA	0.028	0.2
2.85	0.00547	0.03	0.0011	63942	64456	64199	2.838	2.866	2.852	0.244	0.01	NA	NA	NA	NA	NA	0.022	0.2
2.88	0.00594	0.03	0.00119	64456	65011	64734	2.866	2.895	2.881	0.245	0.01	NA	NA	NA	NA	NA	0.024	0.2
2.91	0.0061	0.031	0.00122	65011	65523	65267	2.895	2.924	2.91	0.246	0.01	NA	NA	NA	NA	NA	0.025	0.2
2.94	0.00596	0.031	0.00119	65523	66076	65800	2.924	2.953	2.938	0.246	0.01	NA	NA	NA	NA	NA	0.024	0.2
2.97	0.00551	0.031	0.0011	66076	66586	66331	2.953	2.982	2.967	0.245	0.01	NA	NA	NA	NA	NA	0.023	0.2
3	0.00665	0.031	0.00133	66586	67137	66862	2.982	3.01	2.996	0.243	0.01	NA	NA	NA	NA	NA	0.027	0.2
3.02	0.00528	0.032	0.00106	67137	67644	67391	3.01	3.039	3.025	0.241	0.01	NA	NA	NA	NA	NA	0.022	0.2
3.05	0.0059	0.032	0.00118	67644	68151	67898	3.039	3.068	3.054	0.238	0.01	NA	NA	NA	NA	NA	0.025	0.2
3.08	0.00531	0.033	0.00106	68151	68615	68383	3.068	3.097	3.083	0.234	0.01	NA	NA	NA	NA	NA	0.023	0.2
3.11	0.00488	0.033	0.00098	68615	69078	68847	3.097	3.126	3.111	0.232	0.01	NA	NA	NA	NA	NA	0.021	0.2
3.14	0.00571	0.033	0.00114	69078	69582	69330	3.126	3.155	3.14	0.231	0.01	NA	NA	NA	NA	NA	0.025	0.2
3.17	0.00578	0.033	0.00116	69582	70085	69834	3.155	3.183	3.169	0.23	0.01	NA	NA	NA	NA	NA	0.025	0.2
3.2	0.00485	0.033	0.00097	70085	70629	70357	3.183	3.212	3.198	0.23	0.01	NA	NA	NA	NA	NA	0.021	0.2
3.23	0.00511	0.035	0.00102	70629	71089	70859	3.212	3.241	3.227	0.23	0.01	NA	NA	NA	NA	NA	0.022	0.2
3.26	0.00642	0.034	0.00129	71089	71589	71339	3.241	3.27	3.255	0.23	0.01	NA	NA	NA	NA	NA	0.028	0.2
3.28	0.00603	0.035	0.00121	71589	72084	71837	3.27	3.299	3.284	0.23	0.01	NA	NA	NA	NA	NA	0.026	0.2
3.31	0.00558	0.035	0.00112	72084	72545	72315	3.299	3.327	3.313	0.23	0.01	NA	NA	NA	NA	NA	0.024	0.2
3.34	0.00599	0.036	0.0012	72545	73046	72796	3.327	3.356	3.342	0.229	0.01	NA	NA	NA	NA	NA	0.026	0.2
3.37	0.00778	0.036	0.00156	73046	73545	73296	3.356	3.385	3.371	0.229	0.01	NA	NA	NA	NA	NA	0.034	0.2
3.4	0.00746	0.036	0.00149	73545	74041	73793	3.385	3.414	3.399	0.229	0.01	NA	NA	NA	NA	NA	0.033	0.2
3.43	0.00614	0.036	0.00123	74041	74151	74096	3.414	3.443	3.428	0.229	0.01	NA	NA	NA	NA	NA	0.027	0.2
3.46	0.00557	0.036	0.00112	74651	74988	74820	3.443	3.471	3.457	0.229	0.01	NA	NA	NA	NA	NA	0.024	0.2
3.49	0.00773	0.037	0.00155	74988	75479	75234	3.471	3.5	3.486	0.23	0.01	NA	NA	NA	NA	NA	0.034	0.2
3.51	0.00618	0.037	0.00124	75479	75968	75724	3.5	3.529	3.515	0.23	0.01	NA	NA	NA	NA	NA	0.027	0.2
3.54	0.00775	0.038	0.00155	75968	76414	76191	3.529	3.558	3.543	0.231	0.01	NA	NA	NA	NA	NA	0.034	0.2
3.57	0.00537	0.037	0.00108	76414	76900	76657	3.558	3.587	3.572	0.232	0.01	NA	NA	NA	NA	NA	0.023	0.2
3.6	0.00725	0.038	0.00145	77085	77377	77231	3.587	3.615	3.601	0.234	0.01	NA	NA	NA	NA	NA	0.031	0.2
3.63	0.00721	0.037	0.00144	77405	77904	77655	3.615	3.644	3.63	0.235	0.01	NA	NA	NA	NA	NA	0.031	0.2
3.66	0.0063	0.038	0.00126	77904	78344	78124	3.644	3.673	3.659	0.236	0.01	NA	NA	NA	NA	NA	0.027	0.2
3.69	0.0056	0.039	0.00112	78346	78861	78604	3.673	3.702	3.688	0.237	0.01	NA	NA	NA	NA	NA	0.024	0.2
3.72	0.00621	0.039	0.00124	78861	79336	79099	3.702	3.731	3.716	0.238	0.01	NA	NA	NA	NA	NA	0.026	0.2
3.75	0.00626	0.04	0.00125	79338	79809	79574	3.731	3.76	3.745	0.238	0.01	NA	NA	NA	NA	NA	0.026	0.2
3.77	0.00611	0.039	0.00122	79809	80275	80042	3.76	3.788	3.774	0.239	0.01	NA	NA	NA	NA	NA	0.026	0.2
3.8	0.00563	0.04	0.00113	80281	80787	80534	3.788	3.817	3.803	0.239	0.01	NA	NA	NA	NA	NA	0.024	0.2
3.83	0.00722	0.039	0.00145	80892	81212	81052	3.817	3.846	3.832	0.239	0.01	NA	NA	NA	NA	NA	0.03	0.2
3.86	0.00584	0.04	0.00117	81370	81722	81546	3.846	3.875	3.86	0.238	0.01	NA	NA	NA	NA	NA	0.025	0.2
3.89	0.00675	0.04	0.00135	81749	82186	81968	3.875	3.904	3.889	0.237	0.01	NA	NA	NA	NA	NA	0.028	0.2
3.92	0.00739	0.041	0.00148	82186	82656	82421	3.904	3.932	3.918	0.236	0.01	NA	NA	NA	NA	NA	0.031	0.2
3.95	0.0052	0.04	0.00104	82656	83096	82876	3.932	3.961	3.947	0.235	0.01	NA	NA	NA	NA	NA	0.022	0.2
3.98	0.00589	0.042	0.00118	83146	83566	83356	3.961	3.99	3.976	0.234	0.01	NA	NA	NA	NA	NA	0.025	0.2
4	0.00765	0.042	0.00153	83569	84022	83796	3.99	4.019	4.004	0.233	0.01	NA	NA	NA	NA	NA	0.033	0.2
4.03	0.00686	0.042	0.00137	84022	84475	84249	4.019	4.048	4.033	0.232	0.01	NA	NA	NA	NA	NA	0.03	0.2
4.06	0.00632	0.042	0.00126	84477	84932	84705	4.048	4.076	4.062	0.231	0.01	NA	NA	NA	NA	NA	0.027	0.2
4.09	0.00559	0.042	0.00112	84941	85380	85161	4.076	4.105	4.091	0.231	0.01	NA	NA	NA	NA	NA	0.024	0.2
4.12	0.00553	0.043	0.00111	85380	85829	85605	4.105	4.134	4.12	0.232	0.01	NA	NA	NA	NA	NA	0.024	0.2
4.15	0.00629	0.043	0.00126	85829	86276	86053	4.134	4.163	4.148	0.233	0.01	NA	NA	NA	NA	NA	0.027	0.2
4.18	0.00644	0.044	0.00129	86276	86758	86517	4.163	4.192	4.177	0.234	0.01	NA	NA	NA	NA	NA	0.028	0.2
4.21	0.0066	0.044	0.00132	86758	87238	86998	4.192	4.22	4.206	0.235	0.01	NA	NA	NA	NA	NA	0.028	0.2
4.23	0.00559	0.044	0.00112	87238	87670	87454	4.22	4.249	4.235	0.235	0.01	NA	NA	NA	NA	NA	0.024	0.2
4.26	0.00627	0.044	0.00126	87691	88119	87905	4.249	4.278	4.264	0.235	0.01	NA	NA	NA	NA	NA	0.027	0.2
4.29	0.0057	0.044	0.00114	88145	88593	88369	4.278	4.307	4.292	0.235	0.01	NA	NA	NA	NA	NA	0.024	0.2
4.32	0.00559	0.044	0.00112	88593	89041	88817	4.307	4.336	4.321	0.236	0.01	NA	NA	NA	NA	NA	0.024	0.2
4.35	0.00538	0.045	0.00108	89203	89471	89337	4.336	4.365	4.35	0.236	0.01	NA	NA	NA	NA	NA	0.023	0.2
4.38	0.00661	0.046	0.00132	89500	89930	89715	4.365	4.393	4.379	0.236	0.01	NA	NA	NA	NA	NA	0.028	0.2
4.41	0.00597	0.046	0.0012	90050	90399	90225	4.393	4.422	4.408	0.236	0.01	NA	NA	NA	NA	NA	0.025	0.2
4.44	0.00626	0.045	0.00125	90400	90862	90631	4.422	4.451	4.437	0.236	0.01	NA	NA	NA	NA	NA	0.026	0.2
4.47	0.00608	0.046	0.00122	90862	91246	91054	4.451	4.48	4.465	0.236	0.01	NA	NA	NA	NA	NA	0.026	0.2
4.49	0.00618	0.046	0.00124	91403	91749	91576	4.48	4.509	4.494	0.236	0.01	NA	NA	NA	NA	NA	0.026	0.2
4.52	0.00613	0.046	0.00123	91768	92172	91970	4.509	4.537	4.523	0.237	0.01	NA	NA	NA	NA	NA	0.026	0.2
4.55	0.00725	0.047	0.00145	92172	92623	92398	4.537	4.566	4.552	0.237	0.01	NA	NA	NA	NA	NA	0.031	0.2
4.58	0.00683	0.047	0.00137	92629	93048	92839	4.566	4.595	4.581	0.238	0.01	NA	NA	NA	NA	NA	0.029	0.2
4.61	0.0067	0.048	0.00134	93053	93431	93242	4.595	4.624	4.609	0.239	0.01	NA	NA	NA	NA	NA	0.028	0.2
4.64	0.00764	0.047	0.00153	93510	93878	93694	4.624	4.653	4.638	0.24	0.01	NA	NA	NA	NA	NA	0.032	0.2
4.67	0.00647	0.048	0.0013	93957	94400	94179	4.653	4.681	4.667	0.24	0.01	NA	NA	NA	NA	NA	0.027	0.2
4.7	0.00627	0.048	0.00126	94408	94812	94610	4.681	4.71	4.696	0.24	0.01	NA	NA	NA	NA	NA	0.026	0.2
4.72	0.00612	0.049	0.00122	94812	95257	95035	4.71	4.739	4.725	0.241	0.01	NA	NA	NA	NA	NA	0.025	0.2
4.75	0.00655	0.049	0.00131	95257	95700	95479	4.739	4.768	4.753	0.241	0.01	NA	NA	NA	NA	NA	0.027	0.2
4.78	0.00778	0.049	0.00156	95710	96105	95908	4.768	4.797	4.782	0.24	0.01	NA	NA	NA	NA	NA	0.032	0.2
4.81	0.00649	0.049	0.0013	96107	96306	96207	4.797	4.825	4.811	0.24	0.01	NA	NA	NA	NA	NA	0.027	0.2
4.84	0.00633	0.05	0.00127	96551	96979	96765	4.825	4.854	4.84	0.241	0.01	NA	NA	NA	NA	NA	0.026	0.2
4.87	0.00573	0.049	0.00115	97000	97448	97224	4.854	4.883	4.869	0.241	0.01	NA	NA	NA	NA	NA	0.024	0.2
4.9	0.00632	0.05	0.00127	97462	97883	97673	4.883	4.912	4.897	0.241	0.01	NA	NA	NA	NA	NA	0.026	0.2
4.93	0.00578	0.05	0.00116	97890	98308	98099	4.912	4.941	4.926	0.241	0.01	NA	NA	NA	NA	NA	0.024	0.2
4.96	0.00598	0.051	0.0012	98317	98734	98526	4.941	4.969	4.955	0.24	0.01	NA	NA	NA	NA	NA	0.025	0.2
4.98	0.0072	0.052	0.00144	98747	99168	98958	4.969	4.998	4.984	0.239	0.01	NA	NA	NA	NA	NA	0.03	0.2
5.01	0.00711	0.051	0.00142	99186	99584	99385	4.998	5.027	5.013	0.238	0.01	NA	NA	NA	NA	NA	0.03	0.2
5.04	0.00741	0.052	0.00148	99609	100024	99817	5.027	5.056	5.042	0.238	0.01	NA	NA	NA	NA	NA	0.031	0.2
5.07	0.00725	0.053	0.00145	100024	100414	100219	5.056	5.085	5.07	0.238	0.01	NA	NA	NA	NA	NA	0.03	0.2
5.1	0.00726	0.052	0.00145	100414	100834	100624	5.085	5.114	5.099	0.238	0.01	NA	NA	NA	NA	NA	0.031	0.2
5.13	0.00774	0.053	0.00155	100843	101242	101043	5.114	5.142	5.128	0.239	0.01	NA	NA	NA	NA	NA	0.032	0.2
5.16	0.00911	0.053	0.00182	101262	101669	101466	5.142	5.171	5.157	0.239	0.01	NA	NA	NA	NA	NA	0.038	0.2
5.19	0.00694	0.053	0.00139	101673	102084	101879	5.171	5.2	5.186	0.239	0.01	NA	NA	NA	NA	NA	0.029	0.2
5.21	0.00871	0.054	0.00174	102084	102465	102275	5.2	5.229	5.214	0.238	0.01	NA	NA	NA	NA	NA	0.037	0.2
5.24	0.00718	0.054	0.00144	102465	102908	102687	5.229	5.258	5.243	0.238	0.01	NA	NA	NA	NA	NA	0.03	0.2
5.27	0.00925	0.054	0.00185	102908	103291	103100	5.258	5.286	5.272	0.238	0.01	NA	NA	NA	NA	NA	0.039	0.2
5.3	0.00843	0.054	0.00169	103291	103668	103480	5.286	5.315	5.301	0.238	0.01	NA	NA	NA	NA	NA	0.035	0.2
5.33	0.00874	0.054	0.00175	103668	104057	103863	5.315	5.344	5.33	0.238	0.01	NA	NA	NA	NA	NA	0.037	0.2
5.36	0.0098	0.055	0.00196	104072	104504	104288	5.344	5.373	5.358	0.238	0.01	NA	NA	NA	NA	NA	0.041	0.2
5.39	0.00831	0.056	0.00166	104504	104906	104705	5.373	5.402	5.387	0.238	0.01	NA	NA	NA	NA	NA	0.035	0.2
5.42	0.0088	0.055	0.00176	104906	105325	105116	5.402	5.43	5.416	0.237	0.01	NA	NA	NA	NA	NA	0.037	0.2
5.44	0.00718	0.056	0.00144	105341	105705	105523	5.43	5.459	5.445	0.235	0.01	NA	NA	NA	NA	NA	0.031	0.2
5.47	0.00758	0.056	0.00152	105705	106100	105903	5.459	5.488	5.474	0.234	0.01	NA	NA	NA	NA	NA	0.032	0.2
5.5	0.00812	0.057	0.00163	106102	106463	106283	5.488	5.517	5.502	0.232	0.01	NA	NA	NA	NA	NA	0.035	0.2
5.53	0.00802	0.057	0.00161	106467	106861	106664	5.517	5.546	5.531	0.23	0.01	NA	NA	NA	NA	NA	0.035	0.2
5.56	0.00831	0.057	0.00166	106861	107252	107057	5.546	5.574	5.56	0.228	0.01	NA	NA	NA	NA	NA	0.036	0.2
5.59	0.00815	0.057	0.00163	107253	107644	107449	5.574	5.603	5.589	0.227	0.01	NA	NA	NA	NA	NA	0.036	0.2
5.62	0.00658	0.058	0.00132	107644	108032	107838	5.603	5.632	5.618	0.226	0.01	NA	NA	NA	NA	NA	0.029	0.2
5.65	0.00783	0.058	0.00157	108032	108419	108226	5.632	5.661	5.646	0.225	0.01	NA	NA	NA	NA	NA	0.035	0.2
5.68	0.00764	0.058	0.00153	108419	108775	108597	5.661	5.69	5.675	0.224	0.01	NA	NA	NA	NA	NA	0.034	0.2
5.7	0.00856	0.058	0.00171	108775	109129	108952	5.69	5.719	5.704	0.223	0.01	NA	NA	NA	NA	NA	0.038	0.2
5.73	0.0085	0.059	0.0017	109129	109511	109320	5.719	5.747	5.733	0.223	0.01	NA	NA	NA	NA	NA	0.038	0.2
5.76	0.00848	0.059	0.0017	109511	109862	109687	5.747	5.776	5.762	0.223	0.01	NA	NA	NA	NA	NA	0.038	0.2
5.79	0.00708	0.059	0.00142	109862	110212	110037	5.776	5.805	5.791	0.224	0.01	NA	NA	NA	NA	NA	0.032	0.2
5.82	0.00706	0.059	0.00141	110216	110610	110413	5.805	5.834	5.819	0.226	0.01	NA	NA	NA	NA	NA	0.031	0.2
5.85	0.00823	0.06	0.00165	110618	110994	110806	5.834	5.863	5.848	0.227	0.01	NA	NA	NA	NA	NA	0.036	0.2
5.88	0.00776	0.06	0.00155	111000	111368	111184	5.863	5.891	5.877	0.23	0.01	NA	NA	NA	NA	NA	0.034	0.2
5.91	0.00716	0.06	0.00143	111368	111740	111554	5.891	5.92	5.906	0.231	0.01	NA	NA	NA	NA	NA	0.031	0.2
5.93	0.00835	0.061	0.00167	111749	112111	111930	5.92	5.949	5.935	0.232	0.01	NA	NA	NA	NA	NA	0.036	0.2
5.96	0.01321	0.061	0.00265	112139	112508	112324	5.949	5.978	5.963	0.233	0.01	NA	NA	NA	NA	NA	0.057	0.2
5.99	0.00716	0.061	0.00143	112517	112903	112710	5.978	6.007	5.992	0.232	0.01	NA	NA	NA	NA	NA	0.031	0.2
6.02	0.00675	0.062	0.00135	112903	113256	113080	6.007	6.035	6.021	0.231	0.01	NA	NA	NA	NA	NA	0.029	0.2
6.05	0.0053	0.061	0.00106	113274	113633	113454	6.035	6.064	6.05	0.23	0.01	NA	NA	NA	NA	NA	0.023	0.2
6.08	0.00742	0.062	0.00149	113636	114000	113818	6.064	6.093	6.079	0.229	0.01	NA	NA	NA	NA	NA	0.032	0.2
6.11	0.00623	0.062	0.00125	114016	114351	114184	6.093	6.122	6.107	0.229	0.01	NA	NA	NA	NA	NA	0.027	0.2
6.14	0.00584	0.062	0.00117	114351	114715	114533	6.122	6.151	6.136	0.229	0.01	NA	NA	NA	NA	NA	0.026	0.2
6.17	0.00619	0.063	0.00124	114728	115140	114934	6.151	6.179	6.165	0.229	0.01	NA	NA	NA	NA	NA	0.027	0.2
6.19	0.00881	0.063	0.00176	115153	115484	115319	6.179	6.208	6.194	0.229	0.01	NA	NA	NA	NA	NA	0.038	0.2
6.22	0.00668	0.064	0.00134	115489	115858	115674	6.208	6.237	6.223	0.229	0.01	NA	NA	NA	NA	NA	0.029	0.2
6.25	0.00757	0.064	0.00152	115864	116197	116031	6.237	6.266	6.251	0.229	0.01	NA	NA	NA	NA	NA	0.033	0.2
6.28	0.00793	0.065	0.00159	116197	116537	116367	6.266	6.295	6.28	0.23	0.01	NA	NA	NA	NA	NA	0.035	0.2
6.31	0.00742	0.064	0.00149	116570	116925	116748	6.295	6.323	6.309	0.23	0.01	NA	NA	NA	NA	NA	0.032	0.2
6.34	0.00652	0.064	0.00131	116933	117297	117115	6.323	6.352	6.338	0.23	0.01	NA	NA	NA	NA	NA	0.028	0.2
6.37	0.00838	0.065	0.00168	117297	117691	117494	6.352	6.381	6.367	0.231	0.01	NA	NA	NA	NA	NA	0.036	0.2
6.4	0.00789	0.065	0.00158	117706	118043	117875	6.381	6.41	6.396	0.232	0.01	NA	NA	NA	NA	NA	0.034	0.2
6.42	0.00639	0.065	0.00128	118268	118379	118324	6.41	6.439	6.424	0.233	0.01	NA	NA	NA	NA	NA	0.027	0.2
6.45	0.00622	0.066	0.00125	118402	118782	118592	6.439	6.468	6.453	0.234	0.01	NA	NA	NA	NA	NA	0.027	0.2
6.48	0.00886	0.066	0.00177	118782	119117	118950	6.468	6.496	6.482	0.235	0.01	NA	NA	NA	NA	NA	0.038	0.2
6.51	0.00659	0.067	0.00132	119117	119506	119312	6.496	6.525	6.511	0.236	0.01	NA	NA	NA	NA	NA	0.028	0.2
6.54	0.00817	0.067	0.00164	119506	119867	119687	6.525	6.554	6.54	0.238	0.01	NA	NA	NA	NA	NA	0.034	0.2
6.57	0.00767	0.067	0.00154	119867	120228	120048	6.554	6.583	6.568	0.239	0.01	NA	NA	NA	NA	NA	0.032	0.2
6.6	0.00652	0.067	0.00131	120228	120615	120422	6.583	6.612	6.597	0.24	0.01	NA	NA	NA	NA	NA	0.027	0.2
6.63	0.00687	0.068	0.00138	120615	120947	120781	6.612	6.64	6.626	0.24	0.01	NA	NA	NA	NA	NA	0.029	0.2
6.65	0.0067	0.068	0.00134	120947	121330	121139	6.64	6.669	6.655	0.239	0.01	NA	NA	NA	NA	NA	0.028	0.2
6.68	0.00623	0.068	0.00125	121333	121691	121512	6.669	6.698	6.684	0.237	0.01	NA	NA	NA	NA	NA	0.026	0.2
6.71	0.00922	0.069	0.00185	121663	122020	121842	6.698	6.727	6.712	0.235	0.01	NA	NA	NA	NA	NA	0.039	0.2
6.74	0.00806	0.069	0.00161	122023	122377	122200	6.727	6.756	6.741	0.233	0.01	NA	NA	NA	NA	NA	0.035	0.2
6.77	0.00744	0.069	0.00149	122392	122731	122562	6.756	6.784	6.77	0.232	0.01	NA	NA	NA	NA	NA	0.032	0.2
6.8	0.00728	0.07	0.00146	122732	123060	122896	6.784	6.813	6.799	0.231	0.01	NA	NA	NA	NA	NA	0.032	0.2
6.83	0.00642	0.07	0.00128	123060	123415	123238	6.813	6.842	6.828	0.231	0.01	NA	NA	NA	NA	NA	0.028	0.2
6.86	0.00684	0.07	0.00137	123415	123769	123592	6.842	6.871	6.856	0.231	0.01	NA	NA	NA	NA	NA	0.03	0.2
6.89	0.0069	0.07	0.00138	123769	124108	123939	6.871	6.9	6.885	0.231	0.01	NA	NA	NA	NA	NA	0.03	0.2
6.91	0.00686	0.07	0.00137	124129	124475	124302	6.9	6.928	6.914	0.23	0.01	NA	NA	NA	NA	NA	0.03	0.2
6.94	0.01007	0.071	0.00202	124475	124800	124638	6.928	6.957	6.943	0.23	0.01	NA	NA	NA	NA	NA	0.044	0.2
6.97	0.0078	0.071	0.00156	124808	125151	124980	6.957	6.986	6.972	0.229	0.01	NA	NA	NA	NA	NA	0.034	0.2
7	0.00728	0.072	0.00146	125151	125467	125309	6.986	7.015	7	0.227	0.01	NA	NA	NA	NA	NA	0.032	0.2
7.03	0.00583	0.072	0.00117	125475	125825	125650	7.015	7.044	7.029	0.226	0.01	NA	NA	NA	NA	NA	0.026	0.2
7.06	0.00759	0.072	0.00152	125825	126134	125980	7.044	7.073	7.058	0.227	0.01	NA	NA	NA	NA	NA	0.034	0.2
7.09	0.00663	0.072	0.00133	126148	126470	126309	7.073	7.101	7.087	0.227	0.01	NA	NA	NA	NA	NA	0.029	0.2
7.12	0.0068	0.073	0.00136	126470	126818	126644	7.101	7.13	7.116	0.228	0.01	NA	NA	NA	NA	NA	0.03	0.2
7.14	0.00721	0.073	0.00144	126818	127163	126991	7.13	7.159	7.145	0.229	0.01	NA	NA	NA	NA	NA	0.032	0.2
7.17	0.00674	0.073	0.00135	127163	127500	127332	7.159	7.188	7.173	0.229	0.01	NA	NA	NA	NA	NA	0.029	0.2
7.2	0.00595	0.073	0.00119	127512	127816	127664	7.188	7.217	7.202	0.229	0.01	NA	NA	NA	NA	NA	0.026	0.2
7.23	0.00593	0.074	0.00119	127832	128173	128003	7.217	7.245	7.231	0.229	0.01	NA	NA	NA	NA	NA	0.026	0.2
7.26	0.00695	0.074	0.00139	128178	128496	128337	7.245	7.274	7.26	0.228	0.01	NA	NA	NA	NA	NA	0.03	0.2
7.29	0.00547	0.074	0.0011	128496	128841	128669	7.274	7.303	7.289	0.228	0.01	NA	NA	NA	NA	NA	0.024	0.2
7.32	0.00591	0.075	0.00118	128841	129185	129013	7.303	7.332	7.317	0.229	0.01	NA	NA	NA	NA	NA	0.026	0.2
7.35	0.00709	0.075	0.00142	129185	129502	129344	7.332	7.361	7.346	0.23	0.01	NA	NA	NA	NA	NA	0.031	0.2
7.38	0.0063	0.075	0.00126	129502	129871	129687	7.361	7.389	7.375	0.231	0.01	NA	NA	NA	NA	NA	0.027	0.2
7.4	0.00805	0.076	0.00161	129871	130186	130029	7.389	7.418	7.404	0.231	0.01	NA	NA	NA	NA	NA	0.035	0.2
7.43	0.00757	0.076	0.00152	130186	130528	130357	7.418	7.447	7.433	0.231	0.01	NA	NA	NA	NA	NA	0.033	0.2
7.46	0.0076	0.076	0.00152	130528	130869	130699	7.447	7.476	7.461	0.231	0.01	NA	NA	NA	NA	NA	0.033	0.2
7.49	0.00732	0.076	0.00147	130869	131206	131038	7.476	7.505	7.49	0.231	0.01	NA	NA	NA	NA	NA	0.032	0.2
7.52	0.00638	0.077	0.00128	131229	131522	131376	7.505	7.533	7.519	0.231	0.01	NA	NA	NA	NA	NA	0.028	0.2
7.55	0.00607	0.077	0.00122	131522	131861	131692	7.533	7.562	7.548	0.231	0.01	NA	NA	NA	NA	NA	0.026	0.2
7.58	0.00832	0.077	0.00167	131861	132200	132031	7.562	7.591	7.577	0.231	0.01	NA	NA	NA	NA	NA	0.036	0.2
7.61	0.00729	0.077	0.00146	132200	132537	132369	7.591	7.62	7.605	0.231	0.01	NA	NA	NA	NA	NA	0.032	0.2
7.63	0.00643	0.078	0.00129	132537	132874	132706	7.62	7.649	7.634	0.231	0.01	NA	NA	NA	NA	NA	0.028	0.2
7.66	0.00713	0.078	0.00143	132874	133185	133030	7.649	7.677	7.663	0.232	0.01	NA	NA	NA	NA	NA	0.031	0.2
7.69	0.00722	0.078	0.00145	133185	133543	133364	7.677	7.706	7.692	0.233	0.01	NA	NA	NA	NA	NA	0.031	0.2
7.72	0.00835	0.079	0.00167	133547	133856	133702	7.706	7.735	7.721	0.233	0.01	NA	NA	NA	NA	NA	0.036	0.2
7.75	0.00667	0.079	0.00133	133856	134190	134023	7.735	7.764	7.75	0.234	0.01	NA	NA	NA	NA	NA	0.029	0.2
7.78	0.00588	0.079	0.00118	134190	134524	134357	7.764	7.793	7.778	0.235	0.01	NA	NA	NA	NA	NA	0.025	0.2
7.81	0.00628	0.079	0.00126	134524	134857	134691	7.793	7.822	7.807	0.235	0.01	NA	NA	NA	NA	NA	0.027	0.2
7.84	0.00762	0.08	0.00153	134857	135191	135024	7.822	7.85	7.836	0.234	0.01	NA	NA	NA	NA	NA	0.033	0.2
7.86	0.00789	0.08	0.00158	135193	135523	135358	7.85	7.879	7.865	0.233	0.01	NA	NA	NA	NA	NA	0.034	0.2
7.89	0.00684	0.081	0.00137	135527	135829	135678	7.879	7.908	7.894	0.232	0.01	NA	NA	NA	NA	NA	0.029	0.2
7.92	0.00721	0.081	0.00144	135829	136160	135995	7.908	7.937	7.922	0.231	0.01	NA	NA	NA	NA	NA	0.031	0.2
7.95	0.0069	0.081	0.00138	136160	136465	136313	7.937	7.966	7.951	0.231	0.01	NA	NA	NA	NA	NA	0.03	0.2
7.98	0.00695	0.081	0.00139	136465	136820	136643	7.966	7.994	7.98	0.231	0.01	NA	NA	NA	NA	NA	0.03	0.2
8.01	0.00727	0.081	0.00146	136820	137116	136968	7.994	8.023	8.009	0.232	0.01	NA	NA	NA	NA	NA	0.031	0.2
8.04	0.00587	0.082	0.00118	137116	137451	137284	8.023	8.052	8.038	0.232	0.01	NA	NA	NA	NA	NA	0.025	0.2
8.07	0.00585	0.082	0.00117	137451	137767	137609	8.052	8.081	8.066	0.232	0.01	NA	NA	NA	NA	NA	0.025	0.2
8.1	0.0059	0.083	0.00118	137767	138106	137937	8.081	8.11	8.095	0.232	0.01	NA	NA	NA	NA	NA	0.025	0.2
8.12	0.00698	0.083	0.0014	138106	138424	138265	8.11	8.138	8.124	0.23	0.01	NA	NA	NA	NA	NA	0.03	0.2
8.15	0.00758	0.083	0.00152	138424	138712	138568	8.138	8.167	8.153	0.226	0.01	NA	NA	NA	NA	NA	0.034	0.2
8.18	0.00793	0.083	0.00159	138712	138982	138847	8.167	8.196	8.182	0.223	0.01	NA	NA	NA	NA	NA	0.036	0.2
8.21	0.00953	0.084	0.00191	138982	139295	139139	8.196	8.225	8.21	0.221	0.01	NA	NA	NA	NA	NA	0.043	0.2
8.24	0.00797	0.084	0.0016	139295	139570	139433	8.225	8.254	8.239	0.22	0.01	NA	NA	NA	NA	NA	0.036	0.2
8.27	0.00771	0.084	0.00154	139570	139864	139717	8.254	8.282	8.268	0.22	0.01	NA	NA	NA	NA	NA	0.035	0.2
8.3	0.00712	0.084	0.00143	139864	140180	140022	8.282	8.311	8.297	0.221	0.01	NA	NA	NA	NA	NA	0.032	0.2
8.33	0.0066	0.084	0.00132	140180	140500	140340	8.311	8.34	8.326	0.223	0.01	NA	NA	NA	NA	NA	0.03	0.2
8.35	0.00704	0.084	0.00141	140503	140790	140647	8.34	8.369	8.354	0.223	0.01	NA	NA	NA	NA	NA	0.032	0.2
8.38	0.00698	0.085	0.0014	140790	141092	140941	8.369	8.398	8.383	0.222	0.01	NA	NA	NA	NA	NA	0.031	0.2
8.41	0.0071	0.086	0.00142	141092	141390	141241	8.398	8.427	8.412	0.222	0.01	NA	NA	NA	NA	NA	0.032	0.2
8.44	0.00714	0.086	0.00143	141390	141707	141549	8.427	8.455	8.441	0.221	0.01	NA	NA	NA	NA	NA	0.032	0.2
8.47	0.00585	0.086	0.00117	141707	141987	141847	8.455	8.484	8.47	0.221	0.01	NA	NA	NA	NA	NA	0.027	0.2
8.5	0.00733	0.086	0.00147	141987	142287	142137	8.484	8.513	8.499	0.221	0.01	NA	NA	NA	NA	NA	0.033	0.2
8.53	0.00679	0.087	0.00136	142287	142587	142437	8.513	8.542	8.527	0.222	0.01	NA	NA	NA	NA	NA	0.031	0.2
8.56	0.00648	0.087	0.0013	142587	142885	142736	8.542	8.571	8.556	0.223	0.01	NA	NA	NA	NA	NA	0.029	0.2
8.58	0.00626	0.087	0.00125	142885	143206	143046	8.571	8.599	8.585	0.225	0.01	NA	NA	NA	NA	NA	0.028	0.2
8.61	0.00542	0.088	0.00109	143206	143511	143359	8.599	8.628	8.614	0.226	0.01	NA	NA	NA	NA	NA	0.024	0.2
8.64	0.00613	0.088	0.00123	143511	143834	143673	8.628	8.657	8.643	0.227	0.01	NA	NA	NA	NA	NA	0.027	0.2
8.67	0.00632	0.088	0.00127	143834	144134	143984	8.657	8.686	8.671	0.227	0.01	NA	NA	NA	NA	NA	0.028	0.2
8.7	0.00567	0.088	0.00113	144134	144411	144273	8.686	8.715	8.7	0.227	0.01	NA	NA	NA	NA	NA	0.025	0.2
8.73	0.00509	0.088	0.00102	144411	144720	144566	8.715	8.743	8.729	0.226	0.01	NA	NA	NA	NA	NA	0.023	0.2
8.76	0.00507	0.089	0.00101	144720	145040	144880	8.743	8.772	8.758	0.226	0.01	NA	NA	NA	NA	NA	0.022	0.2
8.79	0.00549	0.089	0.0011	145040	145320	145180	8.772	8.801	8.787	0.225	0.01	NA	NA	NA	NA	NA	0.024	0.2
8.82	0.00693	0.09	0.00139	145320	145600	145460	8.801	8.83	8.815	0.224	0.01	NA	NA	NA	NA	NA	0.031	0.2
8.84	0.00531	0.09	0.00106	145600	145900	145750	8.83	8.859	8.844	0.224	0.01	NA	NA	NA	NA	NA	0.024	0.2
8.87	0.0051	0.09	0.00102	145900	146180	146040	8.859	8.887	8.873	0.224	0.01	NA	NA	NA	NA	NA	0.023	0.2
8.9	0.00571	0.09	0.00114	146180	146480	146330	8.887	8.916	8.902	0.225	0.01	NA	NA	NA	NA	NA	0.025	0.2
8.93	0.00588	0.091	0.00118	146480	146780	146630	8.916	8.945	8.931	0.226	0.01	NA	NA	NA	NA	NA	0.026	0.2
8.96	0.00678	0.091	0.00136	146780	147080	146930	8.945	8.974	8.959	0.227	0.01	NA	NA	NA	NA	NA	0.03	0.2
8.99	0.00714	0.091	0.00143	147080	147360	147220	8.974	9.003	8.988	0.228	0.01	NA	NA	NA	NA	NA	0.031	0.2
9.02	0.00601	0.092	0.0012	147360	147640	147500	9.003	9.031	9.017	0.229	0.01	NA	NA	NA	NA	NA	0.026	0.2
9.05	0.00796	0.092	0.00159	147640	147941	147791	9.031	9.06	9.046	0.23	0.01	NA	NA	NA	NA	NA	0.035	0.2
9.07	0.0085	0.092	0.0017	147941	148234	148088	9.06	9.089	9.075	0.23	0.01	NA	NA	NA	NA	NA	0.037	0.2
9.1	0.00697	0.092	0.0014	148234	148552	148393	9.089	9.118	9.104	0.23	0.01	NA	NA	NA	NA	NA	0.03	0.2
9.13	0.005	0.093	0.001	148552	148820	148686	9.118	9.147	9.132	0.229	0.01	NA	NA	NA	NA	NA	0.022	0.2
9.16	0.0057	0.093	0.00114	148820	149121	148971	9.147	9.176	9.161	0.227	0.01	NA	NA	NA	NA	NA	0.025	0.2
9.19	0.00539	0.093	0.00108	149121	149394	149258	9.176	9.204	9.19	0.224	0.01	NA	NA	NA	NA	NA	0.024	0.2
9.22	0.00665	0.094	0.00133	149394	149646	149520	9.204	9.233	9.219	0.221	0.01	NA	NA	NA	NA	NA	0.03	0.2
9.25	0.00602	0.094	0.00121	149646	149940	149793	9.233	9.262	9.248	0.218	0.01	NA	NA	NA	NA	NA	0.028	0.2
9.28	0.00532	0.095	0.00107	149940	150213	150077	9.262	9.291	9.276	0.216	0.01	NA	NA	NA	NA	NA	0.025	0.2
9.31	0.00587	0.094	0.00118	150213	150480	150347	9.291	9.32	9.305	0.215	0.01	NA	NA	NA	NA	NA	0.027	0.2
9.33	0.0055	0.095	0.0011	150480	150760	150620	9.32	9.348	9.334	0.215	0.01	NA	NA	NA	NA	NA	0.026	0.2
9.36	0.00456	0.095	0.00091	150760	151017	150889	9.348	9.377	9.363	0.214	0.01	NA	NA	NA	NA	NA	0.021	0.2
9.39	0.00748	0.096	0.0015	151018	151300	151159	9.377	9.406	9.392	0.213	0.01	NA	NA	NA	NA	NA	0.035	0.2
9.42	0.00537	0.096	0.00108	151300	151560	151430	9.406	9.435	9.42	0.212	0.01	NA	NA	NA	NA	NA	0.025	0.2
9.45	0.00647	0.096	0.0013	151560	151840	151700	9.435	9.464	9.449	0.211	0.01	NA	NA	NA	NA	NA	0.031	0.2
9.48	0.00559	0.096	0.00112	151840	152098	151969	9.464	9.492	9.478	0.208	0.01	NA	NA	NA	NA	NA	0.027	0.2
9.51	0.00713	0.097	0.00143	152098	152335	152217	9.492	9.521	9.507	0.206	0.01	NA	NA	NA	NA	NA	0.035	0.2
9.54	0.01157	0.097	0.00232	152335	152591	152463	9.521	9.55	9.536	0.204	0.01	NA	NA	NA	NA	NA	0.057	0.2
9.56	0.00602	0.097	0.00121	152591	152844	152718	9.55	9.579	9.564	0.202	0.01	NA	NA	NA	NA	NA	0.03	0.2
9.59	0.00713	0.098	0.00143	152844	153096	152970	9.579	9.608	9.593	0.201	0.01	NA	NA	NA	NA	NA	0.036	0.2
9.62	0.00724	0.098	0.00145	153096	153346	153221	9.608	9.636	9.622	0.2	0.01	NA	NA	NA	NA	NA	0.036	0.2
9.65	0.00661	0.098	0.00132	153346	153595	153471	9.636	9.665	9.651	0.199	0.01	NA	NA	NA	NA	NA	0.033	0.2
9.68	0.00565	0.098	0.00113	153595	153823	153709	9.665	9.694	9.68	0.199	0.01	NA	NA	NA	NA	NA	0.028	0.2
9.71	0.00574	0.098	0.00115	153823	154088	153956	9.694	9.723	9.709	0.199	0.01	NA	NA	NA	NA	NA	0.029	0.2
9.74	0.00656	0.099	0.00131	154088	154331	154210	9.723	9.752	9.737	0.199	0.01	NA	NA	NA	NA	NA	0.033	0.2
9.77	0.00733	0.099	0.00147	154331	154574	154453	9.752	9.781	9.766	0.2	0.01	NA	NA	NA	NA	NA	0.037	0.2
9.79	0.00576	0.1	0.00115	154574	154814	154694	9.781	9.809	9.795	0.201	0.01	NA	NA	NA	NA	NA	0.029	0.2
9.82	0.00586	0.1	0.00117	154814	155072	154943	9.809	9.838	9.824	0.202	0.01	NA	NA	NA	NA	NA	0.029	0.2
9.85	0.00547	0.1	0.00109	155072	155346	155209	9.838	9.867	9.853	0.204	0.01	NA	NA	NA	NA	NA	0.027	0.2
9.88	0.00649	0.101	0.0013	155346	155582	155464	9.867	9.896	9.881	0.205	0.01	NA	NA	NA	NA	NA	0.032	0.2
9.91	0.00666	0.101	0.00133	155582	155834	155708	9.896	9.925	9.91	0.205	0.01	NA	NA	NA	NA	NA	0.032	0.2
9.94	0.0065	0.101	0.0013	155834	156066	155950	9.925	9.953	9.939	0.206	0.01	NA	NA	NA	NA	NA	0.032	0.2
9.97	0.00569	0.101	0.00114	156066	156333	156200	9.953	9.982	9.968	0.207	0.01	NA	NA	NA	NA	NA	0.027	0.2
10	0.00699	0.102	0.0014	156333	156580	156457	9.982	10.011	9.997	0.207	0.01	NA	NA	NA	NA	NA	0.034	0.2
10.03	0.00603	0.102	0.00121	156580	156825	156703	10.011	10.04	10.025	0.206	0.01	NA	NA	NA	NA	NA	0.029	0.2
10.05	0.00705	0.102	0.00141	156825	157068	156947	10.04	10.069	10.054	0.204	0.01	NA	NA	NA	NA	NA	0.035	0.2
10.08	0.00666	0.102	0.00133	157051	157310	157181	10.069	10.097	10.083	0.202	0.01	NA	NA	NA	NA	NA	0.033	0.2
10.11	0.00605	0.103	0.00121	157327	157533	157430	10.097	10.126	10.112	0.2	0.01	NA	NA	NA	NA	NA	0.03	0.2
10.14	0.00708	0.103	0.00142	157533	157754	157644	10.126	10.155	10.141	0.197	0.01	NA	NA	NA	NA	NA	0.036	0.2
10.17	0.00732	0.103	0.00147	157754	157958	157856	10.155	10.184	10.169	0.196	0.01	NA	NA	NA	NA	NA	0.037	0.2
10.2	0.00664	0.103	0.00133	157975	158193	158084	10.184	10.213	10.198	0.195	0.01	NA	NA	NA	NA	NA	0.034	0.2
10.23	0.00739	0.104	0.00148	158193	158427	158310	10.213	10.242	10.227	0.195	0.01	NA	NA	NA	NA	NA	0.038	0.2
10.26	0.00751	0.104	0.0015	158427	158659	158543	10.242	10.27	10.256	0.196	0.01	NA	NA	NA	NA	NA	0.038	0.2
10.28	0.0093	0.105	0.00186	158659	158906	158783	10.27	10.299	10.285	0.196	0.01	NA	NA	NA	NA	NA	0.047	0.2
10.31	0.00646	0.105	0.00129	158906	159119	159013	10.299	10.328	10.314	0.195	0.01	NA	NA	NA	NA	NA	0.033	0.2
10.34	0.00606	0.105	0.00121	159119	159330	159225	10.328	10.357	10.342	0.194	0.01	NA	NA	NA	NA	NA	0.031	0.2
10.37	0.00596	0.105	0.00119	159330	159572	159451	10.357	10.386	10.371	0.192	0.01	NA	NA	NA	NA	NA	0.031	0.2
10.4	0.00614	0.106	0.00123	159572	159797	159685	10.386	10.414	10.4	0.189	0.01	NA	NA	NA	NA	NA	0.032	0.2
10.43	0.00561	0.106	0.00112	159797	160004	159901	10.414	10.443	10.429	0.186	0.01	NA	NA	NA	NA	NA	0.03	0.2
10.46	0.00529	0.106	0.00106	160019	160209	160114	10.443	10.472	10.458	0.183	0.01	NA	NA	NA	NA	NA	0.029	0.2
10.49	0.00676	0.106	0.00135	160209	160413	160311	10.472	10.501	10.486	0.182	0.01	NA	NA	NA	NA	NA	0.037	0.2
10.52	0.00741	0.107	0.00148	160413	160616	160515	10.501	10.53	10.515	0.18	0.01	NA	NA	NA	NA	NA	0.041	0.2
10.54	0.00714	0.107	0.00143	160616	160833	160725	10.53	10.558	10.544	0.178	0.01	NA	NA	NA	NA	NA	0.04	0.2
10.57	0.00651	0.108	0.0013	160833	161033	160933	10.558	10.587	10.573	0.178	0.01	NA	NA	NA	NA	NA	0.037	0.2
10.6	0.0063	0.108	0.00126	161033	161247	161140	10.587	10.616	10.602	0.177	0.01	NA	NA	NA	NA	NA	0.036	0.2
10.63	0.00573	0.108	0.00115	161247	161430	161339	10.616	10.645	10.63	0.177	0.01	NA	NA	NA	NA	NA	0.032	0.2
10.66	0.00685	0.108	0.00137	161430	161641	161536	10.645	10.674	10.659	0.176	0.01	NA	NA	NA	NA	NA	0.039	0.2
10.69	0.0061	0.108	0.00122	161641	161851	161746	10.674	10.702	10.688	0.176	0.01	NA	NA	NA	NA	NA	0.035	0.2
10.72	0.00644	0.109	0.00129	161851	162044	161948	10.702	10.731	10.717	0.176	0.01	NA	NA	NA	NA	NA	0.037	0.2
10.75	0.00792	0.109	0.00159	162044	162237	162141	10.731	10.76	10.746	0.175	0.01	NA	NA	NA	NA	NA	0.045	0.2
10.77	0.00722	0.109	0.00145	162237	162457	162347	10.76	10.789	10.774	0.175	0.01	NA	NA	NA	NA	NA	0.041	0.2
10.8	0.00841	0.109	0.00169	162457	162661	162559	10.789	10.818	10.803	0.174	0.01	NA	NA	NA	NA	NA	0.048	0.2
10.83	0.00648	0.11	0.0013	162661	162849	162755	10.818	10.846	10.832	0.173	0.01	NA	NA	NA	NA	NA	0.037	0.2
10.86	0.00619	0.11	0.00124	162849	163051	162950	10.846	10.875	10.861	0.172	0.01	NA	NA	NA	NA	NA	0.036	0.2
10.89	0.0062	0.11	0.00124	163051	163236	163144	10.875	10.904	10.89	0.17	0.01	NA	NA	NA	NA	NA	0.036	0.2
10.92	0.00725	0.111	0.00145	163236	163435	163336	10.904	10.933	10.919	0.169	0.01	NA	NA	NA	NA	NA	0.043	0.2
10.95	0.00604	0.111	0.00121	163435	163632	163534	10.933	10.962	10.947	0.167	0.01	NA	NA	NA	NA	NA	0.036	0.2
10.98	0.00619	0.111	0.00124	163632	163828	163730	10.962	10.991	10.976	0.166	0.01	NA	NA	NA	NA	NA	0.037	0.2
11	0.00556	0.111	0.00111	163828	164009	163919	10.991	11.019	11.005	0.165	0.01	NA	NA	NA	NA	NA	0.034	0.2
11.03	0.00788	0.112	0.00158	164009	164189	164099	11.019	11.048	11.034	0.164	0.01	NA	NA	NA	NA	NA	0.048	0.2
11.06	0.00718	0.112	0.00144	164189	164367	164278	11.048	11.077	11.063	0.163	0.01	NA	NA	NA	NA	NA	0.044	0.2
11.09	0.00656	0.112	0.00131	164367	164558	164463	11.077	11.106	11.091	0.162	0.01	NA	NA	NA	NA	NA	0.04	0.2
11.12	0.00717	0.113	0.00144	164558	164761	164660	11.106	11.135	11.12	0.162	0.01	NA	NA	NA	NA	NA	0.044	0.2
11.15	0.00584	0.113	0.00117	164761	164922	164842	11.135	11.163	11.149	0.161	0.01	NA	NA	NA	NA	NA	0.036	0.2
11.18	0.0066	0.114	0.00132	164922	165109	165016	11.163	11.192	11.178	0.161	0.01	NA	NA	NA	NA	NA	0.041	0.2
11.21	0.00712	0.113	0.00143	165109	165308	165209	11.192	11.221	11.207	0.16	0.01	NA	NA	NA	NA	NA	0.045	0.2
11.24	0.00661	0.114	0.00132	165308	165492	165400	11.221	11.25	11.235	0.158	0.01	NA	NA	NA	NA	NA	0.042	0.2
11.26	0.00827	0.114	0.00166	165492	165662	165577	11.25	11.279	11.264	0.155	0.01	NA	NA	NA	NA	NA	0.053	0.2
11.29	0.00805	0.114	0.00161	165662	165844	165753	11.279	11.307	11.293	0.153	0.01	NA	NA	NA	NA	NA	0.053	0.2
11.32	0.00989	0.115	0.00198	165844	166024	165934	11.307	11.336	11.322	0.151	0.01	NA	NA	NA	NA	NA	0.066	0.2
11.35	0.02117	0.115	0.00424	166012	166178	166095	11.336	11.365	11.351	0.149	0.01	NA	NA	NA	NA	NA	0.142	0.2
11.38	0.01433	0.116	0.00287	166178	166331	166255	11.365	11.394	11.379	0.148	0.01	NA	NA	NA	NA	NA	0.097	0.2
11.41	0.01375	0.115	0.00275	166331	166495	166413	11.394	11.423	11.408	0.148	0.01	NA	NA	NA	NA	NA	0.093	0.2
11.44	0.00838	0.116	0.00168	166495	166659	166577	11.423	11.451	11.437	0.149	0.01	NA	NA	NA	NA	NA	0.056	0.2
11.47	0.01079	0.116	0.00216	166659	166846	166753	11.451	11.48	11.466	0.15	0.01	NA	NA	NA	NA	NA	0.072	0.2
11.49	0.00833	0.116	0.00167	166846	167033	166940	11.48	11.509	11.495	0.149	0.01	NA	NA	NA	NA	NA	0.056	0.2
11.52	0.00522	0.117	0.00105	167033	167204	167119	11.509	11.538	11.523	0.146	0.01	NA	NA	NA	NA	NA	0.036	0.2
11.55	0.00535	0.117	0.00107	167204	167363	167284	11.538	11.567	11.552	0.141	0.01	NA	NA	NA	NA	NA	0.038	0.2
11.58	0.00841	0.117	0.00168	167363	167533	167448	11.567	11.596	11.581	0.132	0.01	NA	NA	NA	NA	NA	0.064	0.2
11.61	0.00773	0.118	0.00155	167533	167677	167605	11.596	11.624	11.61	0.122	0.01	NA	NA	NA	NA	NA	0.063	0.2
11.64	0.02289	0.118	0.00458	167677	167800	167739	11.624	11.653	11.639	0.11	0.01	NA	NA	NA	NA	NA	0.207	0.2
11.67	0.10363	0.119	0.02075	167800	167890	167845	11.653	11.682	11.668	0.099	0.01	NA	NA	NA	NA	NA	1.042	0.2
11.7	0.09675	0.119	0.01937	167890	167980	167935	11.682	11.711	11.696	0.09	0.01	NA	NA	NA	NA	NA	1.07	0.2
11.73	0.06787	0.12	0.01359	167980	168060	168020	11.711	11.74	11.725	0.084	0.01	NA	NA	NA	NA	NA	0.811	0.2
11.75	0.0943	0.12	0.01888	168060	168150	168105	11.74	11.768	11.754	0.079	0.01	NA	NA	NA	NA	NA	1.195	0.2
11.78	0.08514	0.12	0.01705	168150	168233	168192	11.768	11.797	11.783	0.076	0.01	NA	NA	NA	NA	NA	1.117	0.2
11.81	0.09299	0.121	0.01862	168233	168320	168277	11.797	11.826	11.812	0.075	0.01	NA	NA	NA	NA	NA	1.241	0.2
11.84	0.074	0.121	0.01482	168320	168410	168365	11.826	11.855	11.84	0.074	0.01	NA	NA	NA	NA	NA	0.996	0.2
11.87	0.07397	0.121	0.01481	168410	168501	168456	11.855	11.884	11.869	0.074	0.01	NA	NA	NA	NA	NA	1.005	0.2
11.9	0.06728	0.122	0.01347	168501	168580	168541	11.884	11.912	11.898	0.073	0.01	NA	NA	NA	NA	NA	0.923	0.2
11.93	0.07339	0.121	0.0147	168580	168660	168620	11.912	11.941	11.927	0.072	0.01	NA	NA	NA	NA	NA	1.017	0.2
11.96	0.07148	0.122	0.01432	168660	168740	168700	11.941	11.97	11.956	0.072	0.01	NA	NA	NA	NA	NA	1	0.2
11.98	0.06308	0.123	0.01263	168740	168820	168780	11.97	11.999	11.984	0.071	0.01	NA	NA	NA	NA	NA	0.888	0.2
